lat = 13.729984
long = 100.536443