lat = 9.126057
long = 99.325355