lat = 18.840633
long = 98.969661