lat = 12.671521
long = 101.275875