lat = 16.445329
long = 102.835251