lat = 14.685833
long = 100.871996